/home/aseer/GIT/Mask-OsmosisNet/MaskSelection/ch3/3.3/house/house128_osm_rec.pgm
MSE  : 102.8052978515625
MAE  : 110.880615234375
PSNR : 28.01064865192949


/home/aseer/GIT/Mask-OsmosisNet/MaskSelection/ch3/3.3/pepper/pepper128_osm_rec.pgm
MSE  : 103.44610595703125
MAE  : 144.66363525390625
PSNR : 27.983662137946595


/home/aseer/GIT/Mask-OsmosisNet/MaskSelection/ch3/3.3/scarf/scarf128_bh_rec.pgm
MSE  : 113.06329345703125
MAE  : 126.29742431640625
PSNR : 27.597587288559406

