/home/aseer/GIT/Mask-OsmosisNet/MaskSelection/ch3/3.3/house/house128_osm_rec.pgm
MSE  : 99.60064697265625
MAE  : 139.37677001953125
PSNR : 28.148182014026254


/home/aseer/GIT/Mask-OsmosisNet/MaskSelection/ch3/3.3/pepper/pepper128_osm_rec.pgm
MSE  : 108.38836669921875
MAE  : 126.93450927734375
PSNR : 27.780976889003753


/home/aseer/GIT/Mask-OsmosisNet/MaskSelection/ch3/3.3/scarf/scarf128_bh_rec.pgm
MSE  : 108.07379150390625
MAE  : 123.01190185546875
PSNR : 27.79359972976071

