MSE  : 104.49566650390625
MAE  : 129.87420654296875
PSNR : 27.93982080492267
