eagle
MSE  : 80.8515625
MAE  : 79.1785888671875
PSNR : 29.05391943569573

girl
MSE  : 98.9569091796875
MAE  : 127.191162109375
PSNR : 28.176342387897844

mushroom
MSE  : 85.58221435546875
MAE  : 176.79095458984375
PSNR : 28.806968416328303